3	412	905
0	0	63.85750961303711	111.17457580566406
1	0	73.01963806152344	104.05919647216797
0	1	70.65546417236328	102.4178695678711
1	1	80.68816375732422	95.36109161376953
0	2	78.82107543945312	100.04779815673828
1	2	88.76445007324219	93.17904663085938
0	3	78.82107543945312	100.04779815673828
1	3	88.76445007324219	93.17904663085938
0	4	140.67056274414062	109.38204956054688
1	4	153.50656127929688	99.328857421875
0	5	143.81454467773438	113.16028594970703
1	5	156.69879150390625	102.94159698486328
0	6	149.6013946533203	114.85655212402344
1	6	162.93365478515625	104.37995147705078
0	7	155.9038848876953	114.76407623291016
1	7	169.6921844482422	103.81481170654297
0	8	162.51522827148438	123.37820434570312
1	8	177.0027618408203	112.55610656738281
0	9	166.16726684570312	119.03878021240234
1	9	180.64678955078125	108.08818054199219
0	10	182.81396484375	117.10533905029297
1	10	197.5956573486328	105.05915832519531
0	11	182.81396484375	117.10533905029297
1	11	197.5956573486328	105.05915832519531
0	12	185.5668487548828	132.34194946289062
1	12	201.2022247314453	119.98490905761719
0	13	202.6895751953125	97.37942504882812
1	13	216.58460998535156	83.80878448486328
2	13	189.82899475097656	190.90228271484375
0	14	218.32550048828125	97.88501739501953
1	14	232.74586486816406	82.91563415527344
0	15	266.8962097167969	99.21704864501953
1	15	293.78692626953125	81.88357543945312
2	15	262.177978515625	194.2405242919922
0	16	286.65045166015625	206.36033630371094
1	16	372.717041015625	258.04840087890625
2	16	350.70855712890625	244.7664794921875
0	17	287.9048767089844	192.13365173339844
1	17	374.1862487792969	245.46707153320312
2	17	352.7838134765625	228.8556671142578
0	18	287.9048767089844	192.13365173339844
1	18	374.1862487792969	245.46707153320312
2	18	352.7838134765625	228.8556671142578
0	19	291.74365234375	235.87144470214844
1	19	376.90142822265625	284.39837646484375
2	19	354.35528564453125	279.8973083496094
0	20	291.74365234375	235.87144470214844
1	20	376.90142822265625	284.39837646484375
2	20	354.35528564453125	279.8973083496094
0	21	294.4567565917969	329.0667724609375
1	21	377.62738037109375	366.39080810546875
2	21	352.2850646972656	395.2300109863281
0	22	291.63970947265625	193.83067321777344
1	22	377.9443054199219	246.53416442871094
2	22	356.8904113769531	230.58807373046875
0	23	296.3920593261719	264.9257507324219
1	23	380.836181640625	309.89813232421875
0	24	298.8905334472656	283.4526672363281
1	24	382.8341064453125	326.0570068359375
0	25	294.4776916503906	55.60401916503906
1	25	384.6769714355469	119.52681732177734
2	25	368.5206298828125	78.99920654296875
0	26	303.236083984375	277.33343505859375
1	26	387.22515869140625	320.75262451171875
0	27	299.685546875	96.96602630615234
1	27	388.2671203613281	157.3617706298828
0	28	299.0164489746094	61.98161315917969
1	28	389.06768798828125	124.78253173828125
2	28	372.9234313964844	85.80827331542969
0	29	303.58856201171875	192.4540557861328
1	29	389.7060241699219	244.429443359375
0	30	299.6333312988281	47.463035583496094
1	30	389.8345031738281	111.3189697265625
0	31	302.1770324707031	121.49122619628906
1	31	390.21246337890625	179.32818603515625
0	32	303.2891845703125	94.90663146972656
1	32	391.9082946777344	155.17129516601562
2	32	375.3719482421875	120.97604370117188
0	33	307.5539855957031	230.01780700683594
1	33	392.28753662109375	278.1402587890625
0	34	306.98687744140625	192.89450073242188
1	34	393.00372314453125	244.949462890625
2	34	374.07550048828125	229.99139404296875
0	35	304.37213134765625	43.960060119628906
1	35	394.6131591796875	107.490234375
0	36	314.77056884765625	329.1228942871094
1	36	397.9781799316406	365.1405029296875
0	37	320.0439147949219	325.3979797363281
1	37	402.63116455078125	361.6792907714844
2	37	382.1158142089844	389.91571044921875
0	38	319.2442321777344	245.050048828125
1	38	403.5758056640625	290.99871826171875
2	38	385.10052490234375	291.07012939453125
0	39	320.3568115234375	240.76016235351562
1	39	404.79742431640625	287.3314208984375
2	39	386.36846923828125	286.0101013183594
0	40	315.0537109375	41.27484130859375
1	40	405.0489196777344	104.295654296875
2	40	390.43115234375	65.29493713378906
0	41	321.61334228515625	240.1161651611328
1	41	406.1750793457031	286.41510009765625
2	41	387.9996032714844	285.11199951171875
0	42	325.6360168457031	331.6687927246094
1	42	407.78228759765625	366.6018371582031
0	43	322.1211242675781	168.4374237060547
1	43	408.48529052734375	221.98098754882812
2	43	392.27532958984375	202.2681121826172
0	44	322.9915466308594	195.24264526367188
1	44	408.7460632324219	245.55831909179688
2	44	391.7689208984375	231.98141479492188
0	45	327.3116455078125	297.67529296875
1	45	409.978515625	337.0261535644531
2	45	392.207275390625	355.1936950683594
0	46	321.3540954589844	81.5600357055664
1	46	410.29351806640625	141.64163208007812
0	47	321.3540954589844	81.5600357055664
1	47	410.29351806640625	141.64163208007812
2	47	394.892822265625	107.31919860839844
0	48	324.1431884765625	157.13221740722656
1	48	411.02093505859375	211.1162872314453
0	49	327.6986083984375	255.98016357421875
1	49	411.0748291015625	300.1510925292969
0	50	328.23455810546875	283.5555419921875
1	50	411.3049621582031	324.486572265625
2	50	393.844482421875	337.6280212402344
0	51	329.0821228027344	316.3794250488281
1	51	411.4544372558594	353.0257263183594
0	52	327.02630615234375	181.04986572265625
1	52	412.94732666015625	232.62257385253906
2	52	396.7548522949219	216.9858856201172
0	53	325.9181213378906	83.16204071044922
1	53	415.0624084472656	143.0585174560547
2	53	400.21148681640625	109.40846252441406
0	54	331.0846862792969	234.49813842773438
1	54	415.5554504394531	281.2802734375
2	54	399.2734680175781	278.65399169921875
0	55	332.9619140625	146.07882690429688
1	55	419.674560546875	200.3745574951172
0	56	337.8240966796875	283.2454833984375
1	56	420.76654052734375	323.31201171875
2	56	404.19647216796875	338.2737731933594
0	57	339.5989990234375	169.10769653320312
1	57	425.36090087890625	221.1942138671875
0	58	337.05316162109375	73.78535461425781
1	58	426.6780090332031	133.68173217773438
0	59	341.33648681640625	195.8383026123047
1	59	426.6871032714844	245.4950408935547
2	59	412.0816650390625	234.03330993652344
0	60	337.35504150390625	58.27362823486328
1	60	427.4396057128906	118.93599700927734
2	60	413.4395446777344	83.7392349243164
0	61	342.57403564453125	186.56878662109375
1	61	428.04132080078125	237.08506774902344
0	62	340.44183349609375	85.4255142211914
1	62	429.4945068359375	144.1479034423828
2	62	415.5530700683594	112.38379669189453
0	63	339.1377258300781	45.3713493347168
1	63	429.55108642578125	106.95655822753906
2	63	415.8505554199219	70.62584686279297
0	64	340.1431579589844	71.54756164550781
1	64	429.7345275878906	131.19198608398438
2	64	415.72979736328125	97.76101684570312
0	65	346.3092041015625	225.44851684570312
1	65	430.5111999511719	271.460693359375
0	66	341.8974914550781	57.337860107421875
1	66	431.9712219238281	118.03169250488281
0	67	349.7534484863281	222.87770080566406
1	67	434.08648681640625	269.2955017089844
0	68	345.75689697265625	89.07080078125
1	68	434.4897155761719	147.34451293945312
0	69	349.62030029296875	199.22409057617188
1	69	434.5361633300781	247.9109344482422
2	69	420.9985046386719	236.86563110351562
0	70	349.62030029296875	199.22409057617188
1	70	434.5361633300781	247.9109344482422
2	70	420.9985046386719	236.86563110351562
0	71	350.0443115234375	194.6392364501953
1	71	435.0155944824219	243.39735412597656
0	72	346.2691345214844	60.17892837524414
1	72	436.1763916015625	120.4526138305664
0	73	347.9231872558594	86.48286437988281
1	73	436.8063659667969	144.47418212890625
0	74	350.7454833984375	168.43502807617188
1	74	437.03631591796875	220.22425842285156
2	74	423.1022033691406	203.12672424316406
0	75	353.5450134277344	236.10189819335938
1	75	437.35052490234375	281.0666198730469
2	75	424.40069580078125	280.6201477050781
0	76	351.50372314453125	153.77767944335938
1	76	437.9981384277344	206.260009765625
2	76	424.7795715332031	186.32858276367188
0	77	350.2826843261719	99.1897201538086
1	77	438.8623046875	156.47129821777344
0	78	356.7557067871094	230.98043823242188
1	78	440.3533935546875	276.2417297363281
2	78	428.0584716796875	274.8587646484375
0	79	356.7557067871094	230.98043823242188
1	79	440.3533935546875	276.2417297363281
0	80	356.7557067871094	230.98043823242188
1	80	440.35382080078125	276.3492126464844
0	81	351.3260498046875	65.85819244384766
1	81	440.3832092285156	125.25138854980469
2	81	427.3932189941406	91.90772247314453
0	82	355.3633728027344	165.34214782714844
1	82	441.1513671875	216.88124084472656
2	82	428.9241943359375	199.3308868408203
0	83	357.0783386230469	199.3983154296875
1	83	441.97821044921875	247.80606079101562
0	84	357.8338623046875	169.63824462890625
1	84	443.7251892089844	220.73863220214844
2	84	431.4812316894531	204.39569091796875
0	85	362.4844665527344	298.2466735839844
1	85	444.1607666015625	335.1903381347656
2	85	432.8047180175781	355.886962890625
0	86	370.20556640625	381.13739013671875
1	86	449.45880126953125	406.7668151855469
0	87	369.5912170410156	278.1866760253906
1	87	451.6546936035156	317.28533935546875
2	87	440.7984313964844	331.1468200683594
0	88	371.9045104980469	224.1028594970703
1	88	455.592041015625	269.04168701171875
2	88	444.6346130371094	267.0986328125
0	89	373.8360900878906	279.4837341308594
1	89	455.8305969238281	318.0926818847656
2	89	445.6705627441406	332.72454833984375
0	90	373.8360900878906	279.4837341308594
1	90	455.8305969238281	318.0926818847656
0	91	375.740966796875	288.2501525878906
1	91	457.2930908203125	325.81158447265625
0	92	375.4912109375	271.13702392578125
1	92	457.373779296875	310.4957580566406
0	93	377.9280700683594	212.48744201660156
1	93	461.55859375	258.5694885253906
2	93	449.9195251464844	253.5587921142578
0	94	381.1568908691406	280.0491638183594
1	94	462.7376403808594	318.0817565917969
2	94	454.0281677246094	333.5443115234375
0	95	382.6789855957031	297.727783203125
1	95	464.4021911621094	333.6871337890625
2	95	455.6430358886719	355.2892150878906
0	96	383.58868408203125	276.86700439453125
1	96	465.0613098144531	315.31329345703125
2	96	456.5110778808594	329.93560791015625
0	97	385.59307861328125	199.76513671875
1	97	469.8581848144531	246.41830444335938
2	97	460.1212158203125	239.3162078857422
0	98	393.1974182128906	334.3963317871094
1	98	472.7384338378906	365.3824157714844
0	99	391.6705627441406	218.42138671875
1	99	475.1392517089844	262.332275390625
2	99	466.5237731933594	261.1886291503906
0	100	393.157958984375	205.62554931640625
1	100	476.9738464355469	251.08363342285156
0	101	399.0424499511719	223.1438751220703
1	101	482.0830993652344	266.505859375
2	101	474.56951904296875	265.7450256347656
0	102	399.0424499511719	223.1438751220703
1	102	482.0830993652344	266.505859375
2	102	474.56951904296875	265.7450256347656
0	103	398.4629821777344	165.96153259277344
1	103	484.0744323730469	214.6126251220703
2	103	475.0205993652344	201.38087463378906
0	104	400.3582763671875	199.31175231933594
1	104	484.1675109863281	245.2914581298828
0	105	403.2427978515625	152.26028442382812
1	105	489.2509765625	202.20452880859375
2	105	480.26934814453125	186.71524047851562
0	106	405.2626037597656	188.1779327392578
1	106	489.6440124511719	234.7152557373047
0	107	409.0108642578125	231.61380004882812
1	107	491.6578369140625	273.8827819824219
2	107	484.1722412109375	277.6798095703125
0	108	412.55279541015625	278.96160888671875
1	108	493.1854248046875	315.53192138671875
2	108	489.1178894042969	331.78851318359375
0	109	414.1897888183594	297.61907958984375
1	109	494.1703186035156	331.81719970703125
2	109	491.3157043457031	355.336181640625
0	110	411.3891906738281	178.78782653808594
1	110	496.00457763671875	225.68824768066406
2	110	488.17266845703125	216.07167053222656
0	111	413.1669616699219	192.09678649902344
1	111	497.1148376464844	237.8503875732422
2	111	490.53173828125	231.28817749023438
0	112	413.9990539550781	186.620849609375
1	112	498.509765625	232.27149963378906
2	112	491.31927490234375	224.72354125976562
0	113	413.5921630859375	173.62452697753906
1	113	498.54736328125	220.12864685058594
2	113	491.2353210449219	210.0207977294922
0	114	410.5813293457031	89.543701171875
1	114	499.02484130859375	143.5991973876953
2	114	488.9869079589844	119.07630157470703
0	115	419.2204284667969	284.50494384765625
1	115	499.6239929199219	320.03759765625
0	116	413.8208312988281	76.59736633300781
1	116	503.0600891113281	131.6353759765625
2	116	492.6289367675781	106.03976440429688
0	117	420.53973388671875	199.71539306640625
1	117	504.19775390625	244.55372619628906
2	117	498.3790283203125	239.54373168945312
0	118	420.53973388671875	199.71539306640625
1	118	504.19775390625	244.55372619628906
2	118	498.3790283203125	239.54373168945312
0	119	419.5636901855469	161.79949951171875
1	119	504.89019775390625	209.8389892578125
0	120	416.6936340332031	89.07755279541016
1	120	505.2355651855469	143.28436279296875
2	120	495.41259765625	119.04281616210938
0	121	418.7171630859375	130.10975646972656
1	121	505.6286926269531	180.82505798339844
0	122	429.55023193359375	295.9073486328125
1	122	508.7716369628906	329.42669677734375
0	123	428.49884033203125	262.7591247558594
1	123	509.4308166503906	300.0888977050781
2	123	507.7074890136719	312.7230224609375
0	124	429.52288818359375	196.65074157714844
1	124	513.2218017578125	241.0821075439453
2	124	508.0238952636719	236.0463104248047
0	125	425.179443359375	49.115203857421875
1	125	515.464599609375	105.27689361572266
0	126	427.3957214355469	72.10122680664062
1	126	516.7771606445312	126.63579559326172
0	127	427.3957214355469	72.10122680664062
1	127	516.7771606445312	126.63579559326172
2	127	506.7206115722656	101.92328643798828
0	128	435.98614501953125	257.8256530761719
1	128	516.8628540039062	295.4353332519531
0	129	427.4110107421875	54.40780258178711
1	129	517.1893920898438	109.6064682006836
2	129	506.4249267578125	83.79986572265625
0	130	433.649658203125	193.15243530273438
1	130	517.1964111328125	237.87290954589844
2	130	512.4209594726562	233.17855834960938
0	131	435.0168151855469	207.4556121826172
1	131	518.0142211914062	250.46058654785156
2	131	513.9344482421875	249.09231567382812
0	132	436.2100524902344	163.0478057861328
1	132	521.0407104492188	210.04180908203125
2	132	515.1641845703125	199.37744140625
0	133	441.34307861328125	238.87057495117188
1	133	522.7822265625	278.1222229003906
0	134	434.568603515625	48.48609924316406
1	134	524.6557006835938	104.1349105834961
2	134	513.6351318359375	78.05377197265625
0	135	441.23675537109375	173.00982666015625
1	135	526.0413208007812	218.62725830078125
0	136	443.6355895996094	198.5147705078125
1	136	527.1069946289062	241.44703674316406
0	137	447.4305114746094	280.6923828125
1	137	527.1720581054688	315.2547302246094
0	138	447.52056884765625	267.8389587402344
1	138	527.6497802734375	303.4428405761719
2	138	527.9862670898438	319.27008056640625
0	139	447.52056884765625	267.8389587402344
1	139	527.6497802734375	303.4428405761719
2	139	527.9862670898438	319.27008056640625
0	140	439.751953125	72.37200164794922
1	140	528.9122314453125	126.08026885986328
0	141	439.751953125	72.37200164794922
1	141	528.9122314453125	126.08026885986328
0	142	440.0011291503906	77.88379669189453
1	142	529.2051391601562	130.6949005126953
2	142	519.5092163085938	108.20806884765625
0	143	448.44354248046875	49.12027359008789
1	143	538.944091796875	103.82051849365234
0	144	456.68353271484375	169.27865600585938
1	144	541.19921875	214.31027221679688
0	145	459.4447021484375	172.79861450195312
1	145	543.618896484375	217.44940185546875
0	146	459.8621520996094	162.4694366455078
1	146	544.3248901367188	208.57713317871094
2	146	540.1309204101562	199.49900817871094
0	147	487.23480224609375	363.11944580078125
1	147	549.1353759765625	367.16546630859375
0	148	461.4451904296875	81.2132339477539
1	148	549.7410888671875	133.22265625
2	148	540.9833374023438	113.0901870727539
0	149	470.61505126953125	53.22370529174805
1	149	560.44580078125	106.47222900390625
2	149	549.4910278320312	84.93805694580078
0	150	550.2018432617188	357.1296691894531
1	150	605.1580200195312	357.6541748046875
1	151	196.2747802734375	252.3461151123047
2	151	145.6758575439453	283.47833251953125
1	152	228.80264282226562	85.05048370361328
2	152	201.9873504638672	192.78773498535156
1	153	225.57093811035156	21.617515563964844
2	153	205.9602508544922	74.60792541503906
1	154	328.5036926269531	210.16168212890625
2	154	299.87646484375	241.07737731933594
1	155	369.46295166015625	345.1512145996094
2	155	343.0650939941406	362.8111267089844
1	156	371.9023132324219	366.78839111328125
2	156	344.7765197753906	394.951416015625
1	157	372.9371643066406	363.0607604980469
2	157	347.1071472167969	390.098388671875
1	158	375.0907287597656	360.0386962890625
2	158	348.69940185546875	385.7196044921875
1	159	369.95867919921875	176.19342041015625
2	159	350.8678283691406	142.9803009033203
1	160	373.8016357421875	241.10308837890625
2	160	352.639892578125	223.13751220703125
1	161	378.6320495605469	343.5333557128906
2	161	354.0449523925781	361.77911376953125
1	162	381.8507995605469	297.6702575683594
2	162	358.94134521484375	297.9312438964844
1	163	384.1012268066406	264.2250061035156
2	163	363.2060852050781	253.56253051757812
1	164	384.54150390625	149.9906768798828
2	164	367.4557189941406	114.08055114746094
1	165	389.1943054199219	297.5567932128906
2	165	367.8300476074219	298.7324523925781
1	166	389.7060241699219	244.429443359375
2	166	370.423828125	228.9595947265625
1	167	387.5253601074219	135.30113220214844
2	167	371.3984069824219	98.46890258789062
1	168	392.831298828125	285.4114074707031
2	168	372.1959228515625	282.4854736328125
1	169	400.906494140625	346.82708740234375
2	169	380.5603332519531	368.0334167480469
1	170	402.63116455078125	361.6792907714844
2	170	382.1158142089844	389.91571044921875
1	171	404.1429138183594	308.4399108886719
2	171	384.9095153808594	313.7192077636719
1	172	404.7898864746094	341.1098937988281
2	172	385.4740905761719	360.23260498046875
1	173	407.3062438964844	392.9992980957031
2	173	387.1313781738281	437.4308166503906
1	174	405.0002136230469	247.44989013671875
2	174	387.2579345703125	234.2539520263672
1	175	406.64306640625	289.3852844238281
2	175	388.8619689941406	288.77301025390625
1	176	403.4821472167969	107.47726440429688
2	176	389.0871887207031	68.57560729980469
1	177	407.5344543457031	283.9107666015625
2	177	389.7445373535156	281.9713439941406
1	178	410.06317138671875	304.6766662597656
2	178	392.3260192871094	310.0517578125
1	179	410.41705322265625	296.60479736328125
2	179	393.0022277832031	299.2075500488281
1	180	414.04669189453125	345.4330749511719
2	180	396.3124694824219	367.33380126953125
1	181	413.1404113769531	214.08323669433594
2	181	397.1295166015625	192.87527465820312
1	182	413.5818786621094	128.58399963378906
2	182	399.2650146484375	92.89781188964844
1	183	414.91693115234375	135.64959716796875
2	183	400.4127197265625	101.52676391601562
1	184	419.3546447753906	256.07696533203125
2	184	403.59405517578125	246.12237548828125
1	185	419.4972839355469	134.43101501464844
2	185	405.0606994628906	99.92318725585938
1	186	425.3872375488281	280.8659362792969
2	186	410.5984802246094	279.4734191894531
1	187	426.75408935546875	268.14794921875
2	187	411.7679748535156	262.63397216796875
1	188	426.92315673828125	227.54774475097656
2	188	412.32373046875	211.4759063720703
1	189	428.7121276855469	347.390625
2	189	413.6851501464844	370.9342346191406
1	190	430.3234558105469	240.44386291503906
2	190	416.3134765625	227.81494140625
1	191	432.5074768066406	215.87411499023438
2	191	418.62322998046875	197.41378784179688
1	192	433.5049743652344	201.57431030273438
2	192	419.872802734375	180.43211364746094
1	193	437.35052490234375	281.0666198730469
2	193	424.40069580078125	280.6201477050781
1	194	440.4108581542969	262.6051940917969
2	194	427.4722900390625	257.01007080078125
1	195	445.6270751953125	322.4571533203125
2	195	433.44647216796875	337.98077392578125
1	196	446.341064453125	318.0431213378906
2	196	434.53369140625	331.8681945800781
1	197	447.85540771484375	324.8857421875
2	197	436.5116882324219	341.12005615234375
1	198	454.11639404296875	293.0347595214844
2	198	443.34503173828125	298.30792236328125
1	199	459.486572265625	223.16000366210938
2	199	448.6986999511719	209.22764587402344
1	200	470.5687561035156	295.1542663574219
2	200	456.2724304199219	299.7254943847656
1	201	490.2035827636719	330.727783203125
2	201	485.90753173828125	353.9571838378906
1	202	495.52020263671875	184.0372772216797
2	202	486.56951904296875	165.26348876953125
1	203	498.54736328125	220.12864685058594
2	203	491.2353210449219	210.0207977294922
1	204	500.9874267578125	241.05262756347656
2	204	494.68890380859375	235.66297912597656
1	205	507.879638671875	218.8313446044922
2	205	500.9745788574219	208.75108337402344
1	206	510.90460205078125	280.8777160644531
2	206	508.27008056640625	287.6362609863281
1	207	516.8848266601562	216.5592498779297
2	207	510.93011474609375	207.06752014160156
1	208	521.4645385742188	142.8069305419922
2	208	512.0311279296875	120.95552825927734
1	209	520.826904296875	150.9564666748047
2	209	512.1388549804688	129.8892059326172
1	210	524.3668212890625	98.26798248291016
2	210	514.406494140625	72.08915710449219
1	211	520.3675537109375	255.60963439941406
2	211	517.4263916015625	253.78009033203125
1	212	521.976806640625	299.5765380859375
2	212	520.7850952148438	313.0823974609375
1	213	526.8914184570312	307.8710021972656
2	213	527.43408203125	325.0540466308594
1	214	533.9246215820312	244.61386108398438
2	214	531.0773315429688	243.45706176757812
1	215	549.4829711914062	126.9903335571289
2	215	540.6298828125	105.89436340332031
1	216	551.4071044921875	144.47618103027344
2	216	543.4489135742188	125.40013122558594
0	217	202.6895751953125	97.37942504882812
2	217	189.82899475097656	190.90228271484375
0	218	266.8962097167969	99.21704864501953
2	218	262.4078674316406	194.10385131835938
0	219	285.1062316894531	370.6827087402344
2	219	338.02362060546875	450.1906433105469
0	220	284.6100769042969	325.403564453125
2	220	340.7316589355469	390.1019287109375
0	221	285.67218017578125	303.7783203125
2	221	343.0650939941406	362.8111267089844
0	222	288.3393859863281	329.0168151855469
2	222	344.7765197753906	394.951416015625
0	223	288.7538757324219	298.8823547363281
2	223	347.0527648925781	356.7359313964844
0	224	286.65045166015625	206.36033630371094
2	224	350.70855712890625	244.7664794921875
0	225	287.550537109375	187.440185546875
2	225	352.639892578125	223.13751220703125
0	226	287.9048767089844	192.13365173339844
2	226	352.7838134765625	228.8556671142578
0	227	287.9048767089844	192.13365173339844
2	227	352.7838134765625	228.8556671142578
0	228	291.74365234375	235.87144470214844
2	228	354.35528564453125	279.8973083496094
0	229	291.74365234375	235.87144470214844
2	229	354.35528564453125	279.8973083496094
0	230	293.55108642578125	263.45550537109375
2	230	354.8892822265625	313.26611328125
0	231	291.63970947265625	193.83067321777344
2	231	356.8904113769531	230.58807373046875
0	232	291.63970947265625	193.83067321777344
2	232	356.8904113769531	230.58807373046875
0	233	285.33270263671875	61.554813385009766
2	233	358.5368957519531	84.9665298461914
0	234	295.9631042480469	194.995849609375
2	234	361.6165466308594	232.19154357910156
0	235	302.3325500488281	305.0343933105469
2	235	363.1624755859375	363.9555358886719
0	236	290.5104064941406	67.91574096679688
2	236	363.5943298339844	92.03466033935547
0	237	296.8112487792969	171.65769958496094
2	237	363.8282775878906	205.4267578125
0	238	292.3011474609375	47.443321228027344
2	238	366.8251953125	70.74028778076172
0	239	294.4933166503906	78.77655029296875
2	239	366.96893310546875	103.40582275390625
0	240	303.2023620605469	187.490478515625
2	240	370.1678161621094	223.4197998046875
0	241	307.8803405761719	238.00509643554688
2	241	372.1959228515625	282.4854736328125
0	242	311.6829833984375	325.165771484375
2	242	372.57403564453125	389.62860107421875
0	243	306.98687744140625	192.89450073242188
2	243	374.07550048828125	229.99139404296875
0	244	309.2869873046875	247.2258758544922
2	244	374.2810974121094	293.7983703613281
0	245	312.36053466796875	234.99395751953125
2	245	377.6270446777344	278.99737548828125
0	246	311.03009033203125	192.2610626220703
2	246	378.6838684082031	229.66722106933594
0	247	311.03009033203125	192.2610626220703
2	247	378.6838684082031	229.66722106933594
0	248	314.0832824707031	244.86814880371094
2	248	379.29852294921875	291.0782775878906
0	249	320.0439147949219	325.3979797363281
2	249	382.1158142089844	389.91571044921875
0	250	319.92279052734375	306.340087890625
2	250	382.53125	365.7956848144531
0	251	316.79437255859375	243.3629913330078
2	251	382.59320068359375	289.1106872558594
0	252	309.9879455566406	83.69015502929688
2	252	383.01153564453125	109.17750549316406
0	253	319.2442321777344	245.050048828125
2	253	385.10052490234375	291.07012939453125
0	254	320.3568115234375	240.76016235351562
2	254	386.36846923828125	286.0101013183594
0	255	323.6124572753906	321.2939147949219
2	255	386.56866455078125	384.8551940917969
0	256	322.5001525878906	274.6329345703125
2	256	386.8531188964844	326.8518371582031
0	257	318.3148498535156	191.65269470214844
2	257	386.9720153808594	228.72470092773438
0	258	318.3148498535156	191.65269470214844
2	258	386.9720153808594	228.72470092773438
0	259	322.0138244628906	258.4034729003906
2	259	387.0001220703125	306.52923583984375
0	260	319.26593017578125	196.75534057617188
2	260	387.2579345703125	234.2539520263672
0	261	323.69287109375	304.94842529296875
2	261	387.47454833984375	363.9114990234375
0	262	321.61334228515625	240.1161651611328
2	262	387.9996032714844	285.11199951171875
0	263	321.61334228515625	240.1161651611328
2	263	387.9996032714844	285.11199951171875
0	264	321.7043762207031	229.6282958984375
2	264	388.20965576171875	272.7979736328125
0	265	322.3682556152344	243.088134765625
2	265	388.8619689941406	288.77301025390625
0	266	314.02685546875	46.61556625366211
2	266	389.6954650878906	70.93720245361328
0	267	314.02685546875	46.61556625366211
2	267	389.6954650878906	70.93720245361328
0	268	315.0537109375	41.27484130859375
2	268	390.43115234375	65.29493713378906
0	269	325.6800537109375	265.63299560546875
2	269	391.1962890625	316.6382141113281
0	270	322.9915466308594	195.24264526367188
2	270	391.7689208984375	231.98141479492188
0	271	322.1211242675781	168.4374237060547
2	271	392.27532958984375	202.2681121826172
0	272	328.7342529296875	302.989013671875
2	272	393.3583679199219	361.4230041503906
0	273	326.9532775878906	243.8201446533203
2	273	393.75421142578125	289.79132080078125
0	274	328.23455810546875	283.5555419921875
2	274	393.844482421875	337.6280212402344
0	275	318.871826171875	67.69499969482422
2	275	393.85040283203125	93.08523559570312
0	276	326.07159423828125	229.46658325195312
2	276	393.9585266113281	272.5616455078125
0	277	320.40460205078125	50.84286117553711
2	277	396.26934814453125	75.5008544921875
0	278	327.02630615234375	181.04986572265625
2	278	396.7548522949219	216.9858856201172
0	279	333.3835754394531	305.0379943847656
2	279	398.5271911621094	364.1405944824219
0	280	324.4322204589844	67.34222412109375
2	280	399.2650146484375	92.89781188964844
0	281	331.0846862792969	234.49813842773438
2	281	399.2734680175781	278.65399169921875
0	282	334.2629699707031	298.1275634765625
2	282	399.7796630859375	355.7135009765625
0	283	325.9181213378906	83.16204071044922
2	283	400.21148681640625	109.40846252441406
0	284	333.2447814941406	251.28179931640625
2	284	400.2852783203125	298.85467529296875
0	285	330.9779968261719	170.72470092773438
2	285	401.0096130371094	204.6987762451172
0	286	325.46527099609375	43.89082336425781
2	286	401.411865234375	68.37374114990234
0	287	331.59674072265625	183.95535278320312
2	287	401.50616455078125	219.82278442382812
0	288	331.59674072265625	183.95535278320312
2	288	401.89154052734375	219.90306091308594
0	289	331.6996765136719	180.04837036132812
2	289	402.296142578125	215.7591552734375
0	290	337.684326171875	304.10906982421875
2	290	403.3880310058594	362.61285400390625
0	291	338.95001220703125	325.5579528808594
2	291	404.09765625	389.971435546875
0	292	329.3681335449219	59.88028335571289
2	292	404.8426208496094	84.78254699707031
0	293	335.8396301269531	177.329345703125
2	293	406.7834777832031	212.51104736328125
0	294	341.4205627441406	235.04669189453125
2	294	410.5984802246094	279.4734191894531
0	295	341.33648681640625	195.8383026123047
2	295	412.0816650390625	234.03330993652344
0	296	340.8641357421875	176.02386474609375
2	296	412.32373046875	211.4759063720703
0	297	337.35504150390625	58.27362823486328
2	297	413.4395446777344	83.7392349243164
0	298	340.44183349609375	85.4255142211914
2	298	415.5530700683594	112.38379669189453
0	299	340.1431579589844	71.54756164550781
2	299	415.72979736328125	97.76101684570312
0	300	339.1377258300781	45.3713493347168
2	300	415.8505554199219	70.62584686279297
0	301	348.5892028808594	333.66058349609375
2	301	416.0723571777344	399.87396240234375
0	302	345.7081604003906	184.4844512939453
2	302	417.472900390625	220.99642944335938
0	303	349.102294921875	204.00364685058594
2	303	420.2834777832031	242.9671630859375
0	304	345.9162902832031	111.53837585449219
2	304	420.5	140.8475341796875
0	305	349.62030029296875	199.22409057617188
2	305	420.9985046386719	236.86563110351562
0	306	349.62030029296875	199.22409057617188
2	306	420.9985046386719	236.86563110351562
0	307	350.7454833984375	168.43502807617188
2	307	423.1022033691406	203.12672424316406
0	308	353.5450134277344	236.10189819335938
2	308	424.40069580078125	280.6201477050781
0	309	351.50372314453125	153.77767944335938
2	309	424.7795715332031	186.32858276367188
0	310	356.60650634765625	290.04327392578125
2	310	425.61285400390625	345.5188293457031
0	311	356.60650634765625	290.04327392578125
2	311	425.61285400390625	345.5188293457031
0	312	355.8727111816406	258.3819274902344
2	312	426.03741455078125	307.3160400390625
0	313	351.3260498046875	65.85819244384766
2	313	427.3932189941406	91.90772247314453
0	314	358.60687255859375	283.585205078125
2	314	427.64996337890625	337.1787109375
0	315	358.8494567871094	288.125732421875
2	315	428.3167724609375	343.38330078125
0	316	357.8338623046875	169.63824462890625
2	316	431.4812316894531	204.39569091796875
0	317	361.1488952636719	198.6371612548828
2	317	433.3235778808594	237.01058959960938
0	318	363.2999572753906	283.7575988769531
2	318	433.44647216796875	337.98077392578125
0	319	361.285888671875	192.48367309570312
2	319	434.11376953125	230.4718475341797
0	320	364.0801696777344	278.6470642089844
2	320	434.53369140625	331.8681945800781
0	321	369.5912170410156	278.1866760253906
2	321	440.7984313964844	331.1468200683594
0	322	369.9510803222656	288.9008483886719
2	322	440.9876403808594	344.45819091796875
0	323	368.07342529296875	202.4078826904297
2	323	441.101806640625	241.9384002685547
0	324	368.07342529296875	202.4078826904297
2	324	441.101806640625	241.9384002685547
0	325	373.8360900878906	279.4837341308594
2	325	445.6705627441406	332.72454833984375
0	326	376.8688049316406	277.5676574707031
2	326	449.0074157714844	330.5002136230469
0	327	377.9280700683594	212.48744201660156
2	327	449.9195251464844	253.5587921142578
0	328	377.9180908203125	329.25634765625
2	328	450.1603088378906	394.94482421875
0	329	377.0551452636719	224.0758056640625
2	329	450.40234375	267.0567321777344
0	330	382.6789855957031	297.727783203125
2	330	455.6430358886719	355.2892150878906
0	331	383.58868408203125	276.86700439453125
2	331	456.5110778808594	329.93560791015625
0	332	386.7957763671875	288.3115539550781
2	332	460.0863952636719	343.8916015625
0	333	385.59307861328125	199.76513671875
2	333	460.1212158203125	239.3162078857422
0	334	390.3923645019531	325.7341003417969
2	334	463.66717529296875	390.2037658691406
0	335	391.1660461425781	223.7867889404297
2	335	465.9600524902344	266.5495910644531
0	336	391.6705627441406	218.42138671875
2	336	466.5237731933594	261.1886291503906
0	337	393.07073974609375	199.9422607421875
2	337	468.5176696777344	239.39154052734375
0	338	393.9574279785156	173.79241943359375
2	338	470.1162109375	210.24459838867188
0	339	395.6739501953125	236.74798583984375
2	339	470.56640625	282.0501708984375
0	340	396.8942565917969	310.4205322265625
2	340	471.3753967285156	370.8266296386719
0	341	396.8942565917969	310.4205322265625
2	341	471.3753967285156	370.8266296386719
0	342	396.8942565917969	310.4205322265625
2	342	471.3753967285156	370.8266296386719
0	343	397.7693176269531	184.71661376953125
2	343	473.4856262207031	223.19454956054688
0	344	399.0424499511719	223.1438751220703
2	344	474.56951904296875	265.7450256347656
0	345	400.2948303222656	205.68234252929688
2	345	476.3004150390625	245.88082885742188
0	346	402.91156005859375	226.3993377685547
2	346	478.6744384765625	270.3545837402344
0	347	403.1264953613281	166.06375122070312
2	347	480.1048583984375	201.40159606933594
0	348	403.2427978515625	152.26028442382812
2	348	480.26934814453125	186.71524047851562
0	349	405.16119384765625	317.8531799316406
2	349	480.68939208984375	380.1579284667969
0	350	405.16119384765625	317.8531799316406
2	350	480.68939208984375	380.1579284667969
0	351	404.8975830078125	174.5005340576172
2	351	482.31939697265625	211.09010314941406
0	352	406.9627990722656	299.67987060546875
2	352	482.773193359375	357.65478515625
0	353	409.3193359375	321.919189453125
2	353	485.4017028808594	385.4266662597656
0	354	409.9159851074219	296.4618225097656
2	354	485.90753173828125	353.9571838378906
0	355	407.7279968261719	99.390869140625
2	355	486.2231750488281	129.37783813476562
0	356	410.91510009765625	239.90675354003906
2	356	487.2785339355469	286.1744079589844
0	357	411.3891906738281	178.78782653808594
2	357	488.17266845703125	216.07167053222656
0	358	410.5813293457031	89.543701171875
2	358	488.9869079589844	119.07630157470703
0	359	413.4171142578125	197.77264404296875
2	359	490.5165710449219	237.86448669433594
0	360	413.1669616699219	192.09678649902344
2	360	490.53173828125	231.28817749023438
0	361	413.5921630859375	173.62452697753906
2	361	491.2353210449219	210.0207977294922
0	362	414.4767761230469	253.22010803222656
2	362	491.5023193359375	301.6863708496094
0	363	413.8208312988281	76.59736633300781
2	363	492.6289367675781	106.03976440429688
0	364	413.8208312988281	76.59736633300781
2	364	492.6289367675781	106.03976440429688
0	365	415.48968505859375	333.8038635253906
2	365	492.63525390625	400.31170654296875
0	366	417.0067443847656	271.90802001953125
2	366	493.9988098144531	324.0832214355469
0	367	417.1261901855469	196.11988830566406
2	367	494.68890380859375	235.66297912597656
0	368	416.6936340332031	89.07755279541016
2	368	495.41259765625	119.04281616210938
0	369	416.6594543457031	82.04759979248047
2	369	495.62969970703125	111.57430267333984
0	370	418.5503845214844	140.36004638671875
2	370	496.82855224609375	173.9012451171875
0	371	420.53973388671875	199.71539306640625
2	371	498.3790283203125	239.54373168945312
0	372	421.0776672363281	207.89268493652344
2	372	498.44940185546875	249.685302734375
0	373	420.6881103515625	90.93527221679688
2	373	499.51593017578125	121.33557891845703
0	374	421.0541687011719	60.42778015136719
2	374	500.1786804199219	89.60035705566406
0	375	423.759521484375	181.35008239746094
2	375	501.76898193359375	219.1603546142578
0	376	426.8459777832031	274.6697692871094
2	376	504.9903259277344	327.224609375
0	377	427.3957214355469	72.10122680664062
2	377	506.7206115722656	101.92328643798828
0	378	428.2430419921875	149.12327575683594
2	378	507.209228515625	184.7085418701172
0	379	429.52288818359375	196.65074157714844
2	379	508.0238952636719	236.0463104248047
0	380	429.9859313964844	226.27969360351562
2	380	508.3782653808594	270.5420837402344
0	381	430.4466552734375	54.8260498046875
2	381	510.28082275390625	84.36042785644531
0	382	431.832763671875	244.46633911132812
2	382	510.76715087890625	291.762939453125
0	383	432.67584228515625	241.1672821044922
2	383	511.4097900390625	287.8572998046875
0	384	432.4073791503906	51.01274108886719
2	384	511.6335144042969	80.66373443603516
0	385	433.2701416015625	187.63629150390625
2	385	512.1331176757812	226.6455078125
0	386	433.2701416015625	187.63629150390625
2	386	512.1331176757812	226.6455078125
0	387	432.6555480957031	97.88426208496094
2	387	512.1388549804688	129.8892059326172
0	388	433.57916259765625	223.87928771972656
2	388	512.4945068359375	267.42071533203125
0	389	433.8687744140625	74.64417266845703
2	389	513.197509765625	104.98397064208984
0	390	434.44451904296875	172.82656860351562
2	390	513.427734375	210.0668487548828
0	391	434.7660217285156	245.06265258789062
2	391	513.7294921875	292.46160888671875
0	392	436.2100524902344	163.0478057861328
2	392	515.1641845703125	199.37744140625
0	393	436.5124206542969	195.23681640625
2	393	515.5131225585938	235.5936279296875
0	394	436.5124206542969	195.23681640625
2	394	515.5131225585938	235.5936279296875
0	395	440.0011291503906	77.88379669189453
2	395	519.5092163085938	108.20806884765625
0	396	440.95355224609375	185.90313720703125
2	396	520.430419921875	224.9204559326172
0	397	440.603759765625	316.519287109375
2	397	520.940673828125	378.5604248046875
0	398	443.3267517089844	55.67856216430664
2	398	522.0062255859375	86.1462631225586
0	399	444.2878112792969	49.085479736328125
2	399	523.9560546875	79.52444458007812
0	400	445.6565246582031	226.2233123779297
2	400	525.3662719726562	270.7178649902344
0	401	446.1111755371094	299.470703125
2	401	526.8508911132812	357.3561706542969
0	402	447.52056884765625	267.8389587402344
2	402	527.9862670898438	319.27008056640625
0	403	451.9681396484375	168.4766082763672
2	403	531.6832885742188	205.22055053710938
0	404	451.9681396484375	168.4766082763672
2	404	531.6832885742188	205.22055053710938
0	405	453.72735595703125	226.5420379638672
2	405	534.6701049804688	271.1897277832031
0	406	455.4552307128906	98.5857925415039
2	406	535.5004272460938	130.5575714111328
0	407	456.0716857910156	164.09262084960938
2	407	536.1211547851562	200.9429168701172
0	408	461.4451904296875	81.2132339477539
2	408	540.9833374023438	113.0901870727539
0	409	462.88250732421875	187.8095245361328
2	409	544.1253051757812	227.17637634277344
0	410	465.6092834472656	85.96465301513672
2	410	545.1192626953125	118.55900573730469
0	411	555.9320678710938	355.07769775390625
2	411	617.8295288085938	438.01397705078125
0.0
0.0
0.0
0.0
0.0
0.0
597.522
312.885
239.87
0.12524222645764435
-0.048120797084809645
-0.058086814003169826
0.07264112145653859
0.07481830332677113
0.011700608308239269
597.522
312.885
239.87
-0.2355026298008398
-0.08993599704729315
-0.021407989748425033
0.07389199487216716
-0.059019913281198294
-0.03445299501878801
597.522
312.885
239.87
-0.3279989603738235
-0.16950725108708836
0.7870078700787008
-0.3158020882857584
-0.1792005656183908
0.7790077900779008
-0.30241423203214224
-0.1806524600955122
0.7720077200772008
-0.30241423203214224
-0.1806524600955122
0.7720077200772008
-0.22567412216431548
-0.17099468626253267
0.7830078300783008
-0.21929052517545408
-0.16434710420550377
0.7750077500775008
-0.21233131178545878
-0.1625654291621688
0.7770077700777007
-0.20518654867516065
-0.16352319002335086
0.7810078100781008
-0.19679666588857508
-0.15245881352755533
0.7820078200782008
-0.19324478541800694
-0.15914915421365003
0.7870078700787008
-0.17044835000842423
-0.16087389381567274
0.7830078300783008
-0.17044835000842423
-0.16087389381567274
0.7830078300783008
-0.16811937616130665
-0.1419872076318229
0.7890078900789008
-0.1432963159519736
-0.18529239743457065
0.7770077700777007
-1.3461113501396453
-2.021241626921449
8.506085060850609
-0.6546780905046938
-2.0022793609024383
8.506085060850609
-0.015850071894173225
-0.020245463038107397
0.3610036100361004
-0.015008575317752343
-0.028680986479014983
0.3590035900359004
-0.015008575317752343
-0.028680986479014983
0.3590035900359004
-0.013055980026692275
-0.002469334450821602
0.36900369003690037
-0.013055980026692275
-0.002469334450821602
0.36900369003690037
-0.01202815427727718
0.058218926049010626
0.3900039000390004
-0.012764610458982447
-0.027661380832262765
0.3590035900359004
-0.010323337879152027
0.015683011643706196
0.3740037400374004
-0.008876586741651277
0.027644163834183482
0.37900379003790036
-0.010166106854803824
-0.10176760313319794
0.3300033000330003
-0.006087939380755467
0.023637382817122042
0.37700377003770036
-0.007488693899084145
-0.08107639807660584
0.33900339003390034
-0.007705833399405425
-0.09884077076074622
0.3320033200332003
-0.005569933962909312
-0.0284091259892393
0.35800358003580035
-0.007296539041427019
-0.10594174661062349
0.32900329003290035
-0.006146835750390341
-0.06795452796370247
0.34300343003430034
-0.005444174374840871
-0.08224479326701999
0.33900339003390034
-0.0032654375632704563
-0.006034821638173987
0.36600366003660034
-0.0035338430910769373
-0.02814523467213272
0.35800358003580035
-0.0046872948514682855
-0.10787052990649683
0.32900329003290035
0.001227559180539715
0.05810618366339029
0.3890038900389004
0.004636695771724017
0.05539487944301721
0.3870038700387004
0.003927186177890323
0.0031989736480823212
0.36900369003690037
0.004589257384538268
0.000546746146031007
0.36700367003670037
0.0011941201053146807
-0.10934904588296095
0.32900329003290035
0.005361030475846691
0.0001511969727824519
0.36700367003670037
0.008301276195571156
0.05976363626903737
0.3890038900389004
0.005441051967408798
-0.04208132637903166
0.35200352003520036
0.0060553082156747625
-0.026738350660114773
0.35800358003580035
0.009199003391583256
0.036858955589019915
0.38100381003810035
0.004762409636237761
-0.08902212793793196
0.3360033600336003
0.004762409636237761
-0.08902212793793196
0.3360033600336003
0.006594577891442636
-0.04846434690706891
0.35000350003500036
0.009197826481463552
0.01000286258136053
0.37100371003710036
0.009684733405923905
0.027563192697833645
0.37700377003770036
0.010463467325679566
0.04942568373747182
0.3860038600386004
0.008401722256621339
-0.034946590220982406
0.3550035500355003
0.007328889248022441
-0.08812127564390551
0.3360033600336003
0.01111750181828046
-0.0032814675967876806
0.36500365003650037
0.011693018771040436
-0.054625025746083036
0.34800348003480036
0.0156934709073536
0.027294969643395575
0.3760037600376004
0.015737364800738562
-0.0416864649437369
0.35200352003520036
0.01350953890218662
-0.09283813196351055
0.3340033400334003
0.016999009854500247
-0.02630777303955143
0.3570035700357004
0.01359637807586513
-0.10090105189768529
0.3320033200332003
0.017639037643700325
-0.03166765402899211
0.3550035500355003
0.015542098459372463
-0.08710693864088753
0.33700337003370034
0.014455088131361541
-0.10709345593273208
0.32900329003290035
0.015236787601893816
-0.09408901532155556
0.3340033400334003
0.020361646865367858
-0.008785404324673724
0.36400364003640034
0.01612031604781212
-0.10142099614256965
0.3320033200332003
0.02239813870341754
-0.010323078129687021
0.3630036300363004
0.018594817069297304
-0.08530336798030519
0.3380033800338003
0.02200984904082695
-0.024352879203680105
0.35800358003580035
0.02200984904082695
-0.024352879203680105
0.35800358003580035
0.022263894144577433
-0.027099881307437824
0.35800358003580035
0.01854934796972796
-0.09984240305753184
0.3320033200332003
0.019761594025151312
-0.08651059144901063
0.33700337003370034
0.02230382048942845
-0.04208273765786567
0.35200352003520036
0.024905716829988014
-0.0023080975305026365
0.36600366003660034
0.022556607385389976
-0.0502852118239512
0.34900349003490033
0.021217531347782887
-0.0798147880392298
0.33900339003390034
0.026725538074710935
-0.005415420422556585
0.36400364003640034
0.026725538074710935
-0.005415420422556585
0.36400364003640034
0.026725538074710935
-0.005415420422556585
0.36400364003640034
0.021487809702665204
-0.09726926360703733
0.3340033400334003
0.025024244717232205
-0.043904770544861624
0.35200352003520036
0.026478311159731677
-0.02424849288603857
0.35800358003580035
0.026479623767539155
-0.04137391612170947
0.35200352003520036
0.031543584620979254
0.03712559168615049
0.3800038000380004
0.038468503229464546
0.09480619949177359
0.4010040100401004
0.03558872148777998
0.024047478081967638
0.37500375003750036
0.03585524307683492
-0.009578775740233593
0.3630036300363004
0.03835480375858528
0.024927806812691324
0.3760037600376004
0.03835480375858528
0.024927806812691324
0.3760037600376004
0.039658684453101965
0.030525235758070778
0.37700377003770036
0.03918676975943213
0.019570800553086024
0.3740037400374004
0.03918807906989734
-0.016497835146183675
0.36000360003600035
0.04284731791980666
0.02521637212563858
0.37500375003750036
0.04426980941726348
0.036698764425704064
0.37900379003790036
0.04425517768567935
0.023157336489258676
0.3740037400374004
0.04356283524469241
-0.024028712970457684
0.35800358003580035
0.05215126787281536
0.06138114328716503
0.3880038800388004
0.04773156288800765
-0.012994459873559511
0.36200362003620035
0.04822965590923047
-0.020574775044630154
0.3590035900359004
0.0523419507347784
-0.01016137321659947
0.3630036300363004
0.0523419507347784
-0.01016137321659947
0.3630036300363004
0.05041446334038268
-0.043539887548492986
0.35200352003520036
0.05240936082171718
-0.02430035692352153
0.35800358003580035
0.052776612077987645
-0.05117149911977961
0.34900349003490033
0.055038568966556255
-0.03079812955911903
0.35600356003560035
0.058558788616132396
-0.0050295835719771234
0.36400364003640034
0.06255133206271729
0.02453382457469148
0.37500375003750036
0.06425687909591163
0.03662981452691471
0.37900379003790036
0.05835907666472068
-0.03618830041165675
0.35400354003540035
0.05991581619814061
-0.028543229825724162
0.3570035700357004
0.0602437452974779
-0.031725839563955104
0.35600356003560035
0.05949569065101641
-0.03913644322014414
0.35300353003530033
0.0551008870458732
-0.08478427457026054
0.33700337003370034
0.06691388924378502
0.02808751262009751
0.3760037600376004
0.05659011990106416
-0.09153952364471075
0.33500335003350035
0.06450102278953194
-0.024058516736048103
0.35800358003580035
0.06450102278953194
-0.024058516736048103
0.35800358003580035
0.06266647035770058
-0.045861105869882166
0.35100351003510033
0.0585482367306719
-0.08504718300510376
0.33700337003370034
0.061106472044983
-0.06337450787514314
0.34500345003450034
0.07399989467916279
0.035544076227337386
0.37900379003790036
0.07197856931008824
0.014250252806717179
0.3720037200372004
0.06988325373382392
-0.025894693821940075
0.35800358003580035
0.06220663414950015
-0.10567053418599255
0.33100331003310035
0.06400929744696755
-0.09377952711345862
0.3340033400334003
0.06400929744696755
-0.09377952711345862
0.3340033400334003
0.07622795334066013
0.01111868362129652
0.3700037000370004
0.06344283330245659
-0.10273864599368857
0.33100331003310035
0.07215368490642479
-0.02791250762364839
0.3570035700357004
0.07358372268423309
-0.019529483947404256
0.36000360003600035
0.07244507532665787
-0.04512781088841174
0.35100351003510033
0.07868518135521416
-0.0006121836949992694
0.36600366003660034
0.06720420456495903
-0.10569873380887078
0.3300033000330003
0.07582753895626172
-0.03949959534165591
0.35300353003530033
0.07855766158496327
-0.02484707819034924
0.3590035900359004
0.08444052495756148
0.02562005522834958
0.37500375003750036
0.08404639389992258
0.017459651586664213
0.37300373003730036
0.08404639389992258
0.017459651586664213
0.37300373003730036
0.0709161940206567
-0.09362816916949324
0.3340033400334003
0.0709161940206567
-0.09362816916949324
0.3340033400334003
0.0714809605487268
-0.0910893801242621
0.3360033600336003
0.0750940153907267
-0.10566772575669048
0.33100331003310035
0.08495317270700738
-0.04170389311166423
0.35300353003530033
0.08658441399533512
-0.03962437507768584
0.35300353003530033
0.08633907417957114
-0.045467563397031265
0.35100351003510033
0.1377253550487718
0.0973592941534711
0.47200472004720045
0.08378818659003846
-0.08948267149704163
0.33700337003370034
0.0873761452497238
-0.10339458857388503
0.33100331003310035
0.18667100413595675
0.09223525768925564
0.47000470004700046
-0.13947781782277652
-0.015707442600731022
0.46968763746772146
-0.12880711334284053
-0.18361036945301834
0.7771680969783402
-0.1067875587756654
-0.19772333527253283
0.5075480539777298
-0.03492220912863962
-0.04382755230454946
0.45547457712865724
-0.017833765078922252
0.04126564856390774
0.38232133045742017
-0.016057669198928433
0.05825777298604329
0.3881508081220271
-0.01547257234861859
0.0551340189987313
0.3865042554605344
-0.01404378967638726
0.052873369404265874
0.3857191450180572
-0.01830106001748879
-0.07069251383174717
0.34412653816125344
-0.01589053897488949
-0.031389842070176616
0.35616840052475085
-0.01172444043017553
0.040538907141407676
0.38214065940490094
-0.010366489381399703
0.006743574115021286
0.36922898888200945
-0.0094261367184727
-0.016039295750234522
0.3609881707963121
-0.010595364189310404
-0.0849856326877374
0.3365202755431304
-0.0057296699981997795
0.006927393265218809
0.36899822193425397
-0.006285417098828017
-0.028738190342254853
0.3564102823107982
-0.008970832852379887
-0.09290629107875621
0.33442897997093807
-0.0036599289554200692
-0.0013927759357370562
0.3659288122707849
0.003006450857061721
0.04381514762438693
0.3820737825247976
0.0044552783676509305
0.0553092084843127
0.38559076702246586
0.004039548966177614
0.015258638551481199
0.3715367787185688
0.005616165953279004
0.03990092634409341
0.3814464190474254
0.008725805352872679
0.08135377208278582
0.3952013749891804
0.0030147611677114466
-0.026276443635046227
0.3566899829692488
0.00520067798648173
0.0019790522792558635
0.3671213610007307
-0.00026303747065878347
-0.10726318281808306
0.33082232821863367
0.005574195087760081
-0.0018181372089760423
0.36557002263136934
0.007760300778547127
0.012840772690189212
0.37066918984271474
0.0076947871020872916
0.0070675795969158545
0.3683800247201026
0.011746556967059174
0.04337792144092069
0.3817385963693601
0.007234958038578446
-0.046862316565230565
0.3500408852513398
0.0054253065483389346
-0.09575084223999863
0.3331383162336532
0.006373373465983337
-0.09191967241010102
0.3346262259860203
0.01224972898292051
-0.019970983284496438
0.35951038636652305
0.00895237073108246
-0.0924506672601633
0.334578506904708
0.016605111473621065
-0.0032971559137208173
0.36425597185281716
0.017244949935907652
-0.011664604261650696
0.3622656044009251
0.01581360140260908
-0.038071681155168194
0.3525741882436151
0.02181270749740194
0.04582638686947835
0.3829948097942529
0.01833125976884277
-0.029776696334445032
0.35544165464577526
0.01882609927003294
-0.04508913928095533
0.3503058126908486
0.01893316406153779
-0.053743229370117065
0.34736669465164993
0.024540039138988445
-0.00235145360311749
0.36579884969200216
0.025631779107319952
-0.014775751124660286
0.3612776262985864
0.03199940154467125
0.027792369586761137
0.3767630220540993
0.03212138171346719
0.02442823158727636
0.3751677895979306
0.033614092308399485
0.02972175964559344
0.37745420844285055
0.0359480182478384
0.00680211609510524
0.36916848543590086
0.03566442814195715
-0.0394887664526731
0.35287597388235314
0.046903047904270204
0.00917599648532097
0.37039444520735176
0.06233815674885215
0.036201234574680205
0.379380894248502
0.05542661709401388
-0.06197510472531237
0.345773829811576
0.05982405903757132
-0.03978250098996312
0.35385110176757173
0.06302920064186873
-0.02619718594314116
0.35904140426632675
0.06585020415845858
-0.040138931928560384
0.354636072931637
0.07206099049334472
0.0009135668652097417
0.3672942467953033
0.07097184411538557
-0.04130634577747046
0.35354660867706883
0.06798061994870447
-0.08484100285920651
0.3380332937616074
0.06813916573986945
-0.08028540943806871
0.3394642662053267
0.06663267685467139
-0.10879911042113347
0.3300444587719865
0.07668827618221727
-0.015659994407156555
0.3631432618814683
0.08143930814061257
0.015001579847850124
0.3731535474196213
0.08507533527614922
0.021014447227893085
0.3742434426846963
0.08430705246332232
-0.022457503166245313
0.36064088451810083
0.08302608406331138
-0.09273931550534381
0.3353389638960243
0.08531468872805331
-0.0829808390968129
0.3380303189577982
-0.1432963159519736
-0.18529239743457065
0.7770077700777007
-0.6546780905046938
-2.0022793609024383
8.506085060850609
-0.018596166233884527
0.08757101287008891
0.4000040000400004
-0.01840778260010386
0.05568479369991169
0.3890038900389004
-0.017488606797361608
0.041071358728890485
0.3840038400384004
-0.01602097528489992
0.05818631882745615
0.3900039000390004
-0.015467736782265077
0.03782615181297509
0.38300383003830035
-0.015850071894173225
-0.020245463038107397
0.3610036100361004
-0.015136670611107359
-0.03132542556771966
0.3570035700357004
-0.015008575317752343
-0.028680986479014983
0.3590035900359004
-0.015008575317752343
-0.028680986479014983
0.3590035900359004
-0.013055980026692275
-0.002469334450821602
0.36900369003690037
-0.013055980026692275
-0.002469334450821602
0.36900369003690037
-0.012101572806219138
0.014762748851860274
0.3740037400374004
-0.012764610458982447
-0.027661380832262765
0.3590035900359004
-0.012764610458982447
-0.027661380832262765
0.3590035900359004
-0.015262871703907728
-0.09877948761506983
0.33100331003310035
-0.01016702535666372
-0.026961318729762714
0.3590035900359004
-0.0067816436935594455
0.041878587340755065
0.3840038400384004
-0.01246952270475836
-0.09583135160122197
0.33300333003330035
-0.009549838743572726
-0.04052672337324299
0.3550035500355003
-0.011333733664875317
-0.10595260158803034
0.32900329003290035
-0.010311378551542013
-0.09031775452670977
0.33500335003350035
-0.005785119730734399
-0.031295376850866655
0.3570035700357004
-0.003082284979129805
-0.00114856252093228
0.36800368003680034
-0.0007805354535520017
0.05538723308403768
0.3880038800388004
-0.0035338430910769373
-0.02814523467213272
0.35800358003580035
-0.002227998316456502
0.004554980876310729
0.3700037000370004
-0.0003212538301280037
-0.0029867509386190087
0.36600366003660034
-0.0011113637686576009
-0.02852475728592262
0.35800358003580035
-0.0011113637686576009
-0.02852475728592262
0.35800358003580035
0.000740007319221703
0.003086640076721616
0.36900369003690037
0.004636695771724017
0.05539487944301721
0.3870038700387004
0.00451113218756787
0.04260646176223105
0.38300383003830035
0.0024077163488497246
0.0021512742039347874
0.36800368003680034
-0.0016290948737770633
-0.0878243021674232
0.3360033600336003
0.003927186177890323
0.0031989736480823212
0.36900369003690037
0.004589257384538268
0.000546746146031007
0.36700367003670037
0.006947974269149903
0.05273675302220865
0.3870038700387004
0.006050544626611476
0.02187533531548392
0.3760037600376004
0.0032532788526873704
-0.028889259167545332
0.35800358003580035
0.0032532788526873704
-0.028889259167545332
0.35800358003580035
0.005683400209133577
0.011538522203624222
0.3720037200372004
0.0038337949747019873
-0.025904180124463137
0.3590035900359004
0.006927704793240228
0.0417144241384726
0.38300383003830035
0.005361030475846691
0.0001511969727824519
0.36700367003670037
0.005361030475846691
0.0001511969727824519
0.36700367003670037
0.005387424248147783
-0.0062562706974205315
0.36500365003650037
0.005840576522932886
0.001981994699114617
0.36800368003680034
0.0006287202914048564
-0.106408374111732
0.32900329003290035
0.0006287202914048564
-0.106408374111732
0.32900329003290035
0.0011941201053146807
-0.10934904588296095
0.32900329003290035
0.007987325588358742
0.016082576805162688
0.37300373003730036
0.0060553082156747625
-0.026738350660114773
0.35800358003580035
0.005441051967408798
-0.04208132637903166
0.35200352003520036
0.010132639741954719
0.04035283109190899
0.3820038200382004
0.008664413902957538
0.002432827191466698
0.36800368003680034
0.009684733405923905
0.027563192697833645
0.37700377003770036
0.003336501503818928
-0.09595437230781131
0.33300333003330035
0.008055192994605963
-0.006355054853022934
0.36500365003650037
0.0041529742698891954
-0.1043971261440898
0.3300033000330003
0.008401722256621339
-0.034946590220982406
0.3550035500355003
0.013139320231957293
0.04177183676129027
0.38300383003830035
0.006435349435619867
-0.0961509766852345
0.33300333003330035
0.01111750181828046
-0.0032814675967876806
0.36500365003650037
0.013631444548850069
0.03714734126627436
0.38100381003810035
0.007328889248022441
-0.08812127564390551
0.3360033600336003
0.012607392673034436
0.00706653139323744
0.3700037000370004
0.010658684652277591
-0.04073387869789594
0.35200352003520036
0.006926858839039096
-0.10790865255354296
0.32900329003290035
0.011117137752060694
-0.033220363871029855
0.3550035500355003
0.011117137752060694
-0.033220363871029855
0.3550035500355003
0.011146806461453723
-0.03544148778250252
0.35400354003540035
0.0158545414763466
0.041068897996311846
0.3820038200382004
0.016881822923217996
0.05549849106909266
0.3870038700387004
0.009158583385155156
-0.10000834027489915
0.3320033200332003
0.013561116520344205
-0.036947713619773406
0.35300353003530033
0.01743129886005353
-0.002946376976490795
0.36500365003650037
0.016999009854500247
-0.02630777303955143
0.3570035700357004
0.01652948959926
-0.037718964529741404
0.35300353003530033
0.01359637807586513
-0.10090105189768529
0.3320033200332003
0.015542098459372463
-0.08710693864088753
0.33700337003370034
0.015236787601893816
-0.09408901532155556
0.3340033400334003
0.014455088131361541
-0.10709345593273208
0.32900329003290035
0.023184701569927055
0.0609033814781505
0.3880038800388004
0.019446170980964805
-0.03281331952421241
0.35400354003540035
0.021760100713182295
-0.02154924762960204
0.3590035900359004
0.01885082494769818
-0.0732383434397941
0.34100341003410034
0.02200984904082695
-0.024352879203680105
0.35800358003580035
0.02200984904082695
-0.024352879203680105
0.35800358003580035
0.02230382048942845
-0.04208273765786567
0.35200352003520036
0.024905716829988014
-0.0023080975305026365
0.36600366003660034
0.022556607385389976
-0.0502852118239512
0.34900349003490033
0.027659056349993386
0.03174056721060868
0.3780037800378004
0.027659056349993386
0.03174056721060868
0.3780037800378004
0.02669123535935416
0.011494127042710961
0.37100371003710036
0.021487809702665204
-0.09726926360703733
0.3340033400334003
0.028848006145000726
0.027581908486088116
0.37700377003770036
0.02907798945128627
0.030527493990114816
0.3780037800378004
0.026479623767539155
-0.04137391612170947
0.35200352003520036
0.028917173410966363
-0.02470453621086891
0.35800358003580035
0.031809086458928465
0.02769067956412261
0.37700377003770036
0.028918249116785436
-0.02831207533063677
0.3570035700357004
0.03221567790740939
0.024401314003162363
0.3760037600376004
0.03558872148777998
0.024047478081967638
0.37500375003750036
0.03600558209198719
0.03093578929424557
0.37700377003770036
0.033065985572784146
-0.022445319356521262
0.35800358003580035
0.033065985572784146
-0.022445319356521262
0.35800358003580035
0.03835480375858528
0.024927806812691324
0.3760037600376004
0.040156122772104036
0.02365898313224092
0.37500375003750036
0.03918807906989734
-0.016497835146183675
0.36000360003600035
0.04212072162705176
0.05789387247932873
0.3870038700387004
0.038984331406491476
-0.009595211351957064
0.3630036300363004
0.04426980941726348
0.036698764425704064
0.37900379003790036
0.04425517768567935
0.023157336489258676
0.3740037400374004
0.04663366593505018
0.030563976669560493
0.37700377003770036
0.04356283524469241
-0.024028712970457684
0.35800358003580035
0.05007036038701956
0.055468876745417395
0.3860038600386004
0.04755691658682858
-0.00977079337206663
0.3630036300363004
0.04773156288800765
-0.012994459873559511
0.36200362003620035
0.048043054309164404
-0.023922589623533268
0.35800358003580035
0.04789589883711171
-0.039037255860258475
0.35300353003530033
0.0505726467041868
-0.001907120681619542
0.36500365003650037
0.053708243272441475
0.045103900469396996
0.3820038200382004
0.053708243272441475
0.045103900469396996
0.3820038200382004
0.053708243272441475
0.045103900469396996
0.3820038200382004
0.0504320076916153
-0.03276807867876913
0.3550035500355003
0.0523419507347784
-0.01016137321659947
0.3630036300363004
0.052517635986829375
-0.020540652506351384
0.3590035900359004
0.054843161525908235
-0.008206174979242527
0.36400364003640034
0.053161764789292625
-0.04347966998856311
0.35200352003520036
0.052776612077987645
-0.05117149911977961
0.34900349003490033
0.05930227302363397
0.050116716291877986
0.3840038400384004
0.05930227302363397
0.050116716291877986
0.3840038400384004
0.05435911415717565
-0.03861891651551487
0.35300353003530033
0.05967285289380598
0.03793695904276171
0.37900379003790036
0.06213593911495078
0.05286709749932462
0.3850038500385004
0.06138364637853833
0.03580106310381824
0.3780037800378004
0.053809060494921894
-0.079700666402817
0.33900339003390034
0.060046952964905864
2.2512861741654607e-05
0.36600366003660034
0.05835907666472068
-0.03618830041165675
0.35400354003540035
0.0551008870458732
-0.08478427457026054
0.33700337003370034
0.060233525816396724
-0.02522250920076351
0.35800358003580035
0.05991581619814061
-0.028543229825724162
0.3570035700357004
0.05949569065101641
-0.03913644322014414
0.35300353003530033
0.06290870136808006
0.00826679079233485
0.3700037000370004
0.05659011990106416
-0.09153952364471075
0.33500335003350035
0.05659011990106416
-0.09153952364471075
0.33500335003350035
0.0664551434119209
0.060839213806375816
0.3870038700387004
0.06499810723874253
0.019999767322868206
0.37300373003730036
0.06245580794283477
-0.026212753025894278
0.35800358003580035
0.0585482367306719
-0.08504718300510376
0.33700337003370034
0.05835528289470464
-0.08874795699287079
0.3360033600336003
0.061363857885577425
-0.05778916794159991
0.34700347003470033
0.06450102278953194
-0.024058516736048103
0.35800358003580035
0.06518546547671074
-0.01926615010382377
0.36000360003600035
0.06080112780548909
-0.08399942626044102
0.33700337003370034
0.06010242825204829
-0.09970413264092959
0.3320033200332003
0.06568791292236906
-0.03467028493323889
0.35400354003540035
0.07133098347715576
0.02178203290559605
0.3740037400374004
0.06400929744696755
-0.09377952711345862
0.3340033400334003
0.06737887351238285
-0.05300377805352599
0.34900349003490033
0.06988325373382392
-0.025894693821940075
0.35800358003580035
0.071140582568601
-0.008256316177863546
0.3630036300363004
0.06512445906339533
-0.1025069537460522
0.33100331003310035
0.0732579131201824
0.002830807414063122
0.36800368003680034
0.07357666957106164
0.0007968029518939309
0.36700367003670037
0.06601058964761862
-0.10430330377100858
0.3300033000330003
0.07172545778322155
-0.03112083936402536
0.35600356003560035
0.07172545778322155
-0.03112083936402536
0.35600356003560035
0.06795167680966001
-0.08055543810882802
0.33900339003390034
0.07332352473572637
-0.009714598968080346
0.3630036300363004
0.06783008781000234
-0.09263459030483158
0.33500335003350035
0.07181482745666483
-0.039607860377757584
0.35300353003530033
0.07506445707896776
0.003198066784982583
0.36800368003680034
0.07244507532665787
-0.04512781088841174
0.35100351003510033
0.07407101192061569
-0.026741843003199296
0.35800358003580035
0.07407101192061569
-0.026741843003199296
0.35800358003580035
0.0714809605487268
-0.0910893801242621
0.3360033600336003
0.07630323323361257
-0.03215345255613962
0.35600356003560035
0.08207981328711236
0.049259475946000074
0.3840038400384004
0.07247782447898017
-0.1023429578879757
0.3320033200332003
0.07279190637516623
-0.10568700016125347
0.33100331003310035
0.08088291020040872
-0.008313407655070916
0.36400364003640034
0.08472734555151316
0.03790403311080884
0.3800038000380004
0.08404639389992258
0.017459651586664213
0.37300373003730036
0.08216741687216718
-0.042177726175162376
0.35300353003530033
0.08216741687216718
-0.042177726175162376
0.35300353003530033
0.08579956928725933
-0.00811924363524573
0.36400364003640034
0.0808870493966502
-0.0801574256457219
0.33900339003390034
0.08435206974908323
-0.044640873808796167
0.35200352003520036
0.08378818659003846
-0.08948267149704163
0.33700337003370034
0.08961953804412592
-0.031104755303330373
0.3570035700357004
0.08613674175630454
-0.08680286349306791
0.33700337003370034
0.19239862754367976
0.09119963110221448
0.4730047300473005
